Q=[
[ 236.000000,	54.000000,	5.000000,	33.000000,	42.000000,	]
[ 84.000000,	15.000000,	1.000000,	12.000000,	11.000000,	]
[ 73.000000,	14.000000,	1.000000,	8.000000,	11.000000,	]
[ 106.000000,	20.000000,	1.000000,	12.000000,	17.000000,	]
[ 125.000000,	17.000000,	4.000000,	17.000000,	15.000000,	]
[ 166.000000,	31.000000,	5.000000,	28.000000,	27.000000,	]
[ 94.000000,	14.000000,	1.000000,	8.000000,	15.000000,	]
[ 77.000000,	14.000000,	1.000000,	8.000000,	11.000000,	]
[ 104.000000,	29.000000,	2.000000,	19.000000,	23.000000,	]
[ 87.000000,	18.000000,	1.000000,	8.000000,	26.000000,	]
[ 148.000000,	44.000000,	5.000000,	20.000000,	36.000000,	]
[ 113.000000,	17.000000,	5.000000,	16.000000,	11.000000,	]
[ 83.000000,	14.000000,	1.000000,	8.000000,	11.000000,	]
[ 139.000000,	32.000000,	5.000000,	16.000000,	25.000000,	]
[ 76.000000,	14.000000,	1.000000,	11.000000,	11.000000,	]
[ 149.000000,	38.000000,	5.000000,	24.000000,	31.000000,	]
[ 70.000000,	17.000000,	1.000000,	8.000000,	11.000000,	]
[ 81.000000,	18.000000,	1.000000,	8.000000,	16.000000,	]
[ 95.000000,	14.000000,	1.000000,	15.000000,	11.000000,	]
[ 103.000000,	22.000000,	1.000000,	10.000000,	11.000000,	]
[ 118.000000,	23.000000,	1.000000,	12.000000,	23.000000,	]
[ 118.000000,	16.000000,	5.000000,	12.000000,	14.000000,	]
[ 97.000000,	14.000000,	1.000000,	11.000000,	14.000000,	]
[ 87.000000,	14.000000,	1.000000,	12.000000,	11.000000,	]
[ 71.000000,	14.000000,	1.000000,	12.000000,	11.000000,	]
[ 99.000000,	14.000000,	4.000000,	12.000000,	19.000000,	]
[ 72.000000,	14.000000,	5.000000,	8.000000,	11.000000,	]
[ 79.000000,	14.000000,	1.000000,	8.000000,	17.000000,	]
[ 71.000000,	14.000000,	1.000000,	8.000000,	11.000000,	]
[ 74.000000,	14.000000,	1.000000,	10.000000,	11.000000,	]
[ 66.000000,	14.000000,	1.000000,	8.000000,	11.000000,	]
[ 66.000000,	14.000000,	1.000000,	8.000000,	11.000000,	]
[ 66.000000,	14.000000,	1.000000,	8.000000,	11.000000,	]
[ 66.000000,	14.000000,	1.000000,	8.000000,	11.000000,	]
[ 112.000000,	14.000000,	1.000000,	8.000000,	11.000000,	]
[ 103.000000,	18.000000,	1.000000,	8.000000,	34.000000,	]
[ 66.000000,	14.000000,	1.000000,	8.000000,	11.000000,	]
[ 66.000000,	14.000000,	1.000000,	8.000000,	11.000000,	]
[ 87.000000,	16.000000,	1.000000,	11.000000,	16.000000,	]
[ 114.000000,	30.000000,	4.000000,	11.000000,	44.000000,	]
[ 136.000000,	24.000000,	5.000000,	13.000000,	39.000000,	]
[ 126.000000,	22.000000,	1.000000,	12.000000,	19.000000,	]
[ 90.000000,	14.000000,	1.000000,	12.000000,	11.000000,	]
[ 75.000000,	14.000000,	1.000000,	11.000000,	11.000000,	]
[ 66.000000,	14.000000,	1.000000,	8.000000,	11.000000,	]
[ 77.000000,	14.000000,	1.000000,	8.000000,	12.000000,	]
[ 99.000000,	30.000000,	4.000000,	23.000000,	13.000000,	]
[ 70.000000,	14.000000,	1.000000,	9.000000,	11.000000,	]
[ 73.000000,	18.000000,	1.000000,	8.000000,	11.000000,	]
[ 93.000000,	14.000000,	1.000000,	11.000000,	14.000000,	]
[ 87.000000,	14.000000,	1.000000,	12.000000,	11.000000,	]
[ 86.000000,	14.000000,	1.000000,	8.000000,	11.000000,	]
[ 137.000000,	26.000000,	1.000000,	10.000000,	33.000000,	]
[ 97.000000,	18.000000,	1.000000,	12.000000,	14.000000,	]
[ 113.000000,	17.000000,	5.000000,	16.000000,	14.000000,	]
[ 169.000000,	52.000000,	5.000000,	34.000000,	40.000000,	]
[ 119.000000,	18.000000,	4.000000,	14.000000,	38.000000,	]
[ 148.000000,	24.000000,	4.000000,	15.000000,	19.000000,	]
[ 89.000000,	17.000000,	1.000000,	12.000000,	11.000000,	]
[ 126.000000,	34.000000,	5.000000,	11.000000,	31.000000,	]
[ 97.000000,	18.000000,	1.000000,	11.000000,	34.000000,	]
[ 81.000000,	14.000000,	1.000000,	8.000000,	11.000000,	]
[ 82.000000,	14.000000,	1.000000,	8.000000,	11.000000,	]
[ 88.000000,	18.000000,	5.000000,	12.000000,	15.000000,	]
[ 98.000000,	22.000000,	1.000000,	8.000000,	26.000000,	]
[ 92.000000,	17.000000,	1.000000,	11.000000,	11.000000,	]
[ 115.000000,	25.000000,	5.000000,	21.000000,	28.000000,	]
[ 85.000000,	14.000000,	1.000000,	12.000000,	11.000000,	]
[ 105.000000,	19.000000,	3.000000,	16.000000,	15.000000,	]
[ 91.000000,	26.000000,	1.000000,	13.000000,	16.000000,	]
[ 71.000000,	14.000000,	1.000000,	8.000000,	11.000000,	]
[ 86.000000,	18.000000,	1.000000,	12.000000,	11.000000,	]
[ 79.000000,	20.000000,	1.000000,	15.000000,	11.000000,	]
[ 89.000000,	17.000000,	1.000000,	10.000000,	11.000000,	]
[ 109.000000,	19.000000,	1.000000,	8.000000,	37.000000,	]
[ 88.000000,	20.000000,	5.000000,	11.000000,	18.000000,	]
[ 113.000000,	35.000000,	1.000000,	21.000000,	25.000000,	]
[ 144.000000,	27.000000,	1.000000,	16.000000,	36.000000,	]
[ 66.000000,	14.000000,	1.000000,	8.000000,	11.000000,	]
[ 100.000000,	17.000000,	1.000000,	12.000000,	16.000000,	]
[ 138.000000,	35.000000,	5.000000,	22.000000,	23.000000,	]
[ 93.000000,	15.000000,	1.000000,	8.000000,	22.000000,	]
[ 177.000000,	34.000000,	5.000000,	21.000000,	27.000000,	]
[ 77.000000,	14.000000,	1.000000,	8.000000,	11.000000,	]
[ 171.000000,	42.000000,	4.000000,	32.000000,	28.000000,	]
[ 148.000000,	35.000000,	1.000000,	8.000000,	36.000000,	]
[ 104.000000,	23.000000,	1.000000,	16.000000,	11.000000,	]
[ 100.000000,	14.000000,	1.000000,	13.000000,	22.000000,	]
[ 70.000000,	14.000000,	1.000000,	11.000000,	15.000000,	]
[ 109.000000,	18.000000,	5.000000,	12.000000,	15.000000,	]
[ 66.000000,	14.000000,	1.000000,	8.000000,	11.000000,	]
[ 76.000000,	14.000000,	1.000000,	8.000000,	11.000000,	]
[ 99.000000,	21.000000,	1.000000,	10.000000,	23.000000,	]
[ 84.000000,	14.000000,	1.000000,	8.000000,	11.000000,	]
[ 83.000000,	15.000000,	1.000000,	11.000000,	11.000000,	]
[ 66.000000,	14.000000,	1.000000,	8.000000,	11.000000,	]
[ 97.000000,	14.000000,	4.000000,	12.000000,	29.000000,	]
[ 66.000000,	14.000000,	1.000000,	8.000000,	11.000000,	]
[ 84.000000,	18.000000,	1.000000,	11.000000,	11.000000,	]
[ 148.000000,	21.000000,	4.000000,	16.000000,	31.000000,	]
[ 105.000000,	19.000000,	4.000000,	11.000000,	23.000000,	]
[ 66.000000,	14.000000,	1.000000,	8.000000,	11.000000,	]
[ 66.000000,	14.000000,	1.000000,	8.000000,	11.000000,	]
[ 74.000000,	14.000000,	1.000000,	11.000000,	11.000000,	]
[ 117.000000,	22.000000,	5.000000,	16.000000,	19.000000,	]
[ 80.000000,	14.000000,	1.000000,	10.000000,	11.000000,	]
[ 97.000000,	17.000000,	5.000000,	8.000000,	11.000000,	]
[ 97.000000,	14.000000,	1.000000,	20.000000,	11.000000,	]
[ 117.000000,	23.000000,	3.000000,	17.000000,	18.000000,	]
[ 82.000000,	14.000000,	1.000000,	8.000000,	11.000000,	]
[ 94.000000,	17.000000,	5.000000,	15.000000,	11.000000,	]
[ 75.000000,	18.000000,	1.000000,	9.000000,	18.000000,	]
[ 86.000000,	14.000000,	1.000000,	14.000000,	11.000000,	]
[ 85.000000,	14.000000,	1.000000,	8.000000,	13.000000,	]
[ 120.000000,	23.000000,	1.000000,	8.000000,	38.000000,	]
[ 66.000000,	14.000000,	1.000000,	8.000000,	11.000000,	]
[ 73.000000,	14.000000,	1.000000,	8.000000,	11.000000,	]
[ 109.000000,	23.000000,	1.000000,	9.000000,	35.000000,	]
[ 66.000000,	14.000000,	1.000000,	8.000000,	11.000000,	]
[ 185.000000,	30.000000,	4.000000,	21.000000,	31.000000,	]
[ 80.000000,	14.000000,	1.000000,	12.000000,	11.000000,	]
[ 72.000000,	14.000000,	4.000000,	11.000000,	11.000000,	]
[ 66.000000,	14.000000,	1.000000,	8.000000,	11.000000,	]
[ 74.000000,	14.000000,	1.000000,	8.000000,	11.000000,	]
[ 80.000000,	18.000000,	4.000000,	15.000000,	14.000000,	]
[ 86.000000,	16.000000,	1.000000,	12.000000,	11.000000,	]
[ 89.000000,	14.000000,	5.000000,	16.000000,	11.000000,	]
[ 66.000000,	14.000000,	1.000000,	12.000000,	11.000000,	]
[ 66.000000,	14.000000,	1.000000,	8.000000,	11.000000,	]
[ 83.000000,	14.000000,	1.000000,	11.000000,	11.000000,	]
[ 72.000000,	21.000000,	1.000000,	8.000000,	17.000000,	]
[ 66.000000,	14.000000,	1.000000,	8.000000,	11.000000,	]
[ 141.000000,	28.000000,	4.000000,	13.000000,	23.000000,	]
[ 66.000000,	14.000000,	1.000000,	8.000000,	11.000000,	]
[ 66.000000,	14.000000,	1.000000,	8.000000,	11.000000,	]
[ 98.000000,	14.000000,	1.000000,	8.000000,	15.000000,	]
[ 66.000000,	14.000000,	1.000000,	8.000000,	11.000000,	]
[ 82.000000,	14.000000,	1.000000,	9.000000,	11.000000,	]
[ 136.000000,	44.000000,	5.000000,	12.000000,	33.000000,	]
[ 103.000000,	21.000000,	1.000000,	8.000000,	23.000000,	]
[ 79.000000,	14.000000,	1.000000,	8.000000,	11.000000,	]
[ 77.000000,	14.000000,	1.000000,	8.000000,	11.000000,	]
[ 66.000000,	14.000000,	1.000000,	8.000000,	11.000000,	]
[ 77.000000,	19.000000,	3.000000,	11.000000,	15.000000,	]
[ 79.000000,	14.000000,	1.000000,	12.000000,	11.000000,	]
[ 123.000000,	32.000000,	1.000000,	16.000000,	18.000000,	]
[ 89.000000,	14.000000,	1.000000,	8.000000,	11.000000,	]
[ 113.000000,	17.000000,	1.000000,	16.000000,	11.000000,	]
[ 80.000000,	14.000000,	1.000000,	11.000000,	13.000000,	]
[ 86.000000,	16.000000,	1.000000,	8.000000,	14.000000,	]
];








D=[
[ 0.000000,	728.150269,	1627.380249,	1801.045532,	1220.888794,	462.178101,	2169.624756,	2199.841064,	1537.522949,	2178.081787,	1729.165405,	1299.188232,	1091.440308,	2101.436035,	2221.579346,	1398.265747,	2270.442139,	739.531799,	1530.286133,	1475.097290,	1640.665894,	754.293457,	1296.030884,	1954.239624,	1539.248535,	1289.810303,	728.150269,	1283.844482,	2114.035645,	788.480286,	1828.685669,	1451.879272,	1343.793823,	539.918518,	1293.239746,	1424.512451,	2193.022705,	1831.169556,	659.471558,	1964.782104,	1936.723389,	1471.217896,	1123.035645,	1515.304810,	2104.268311,	2116.261719,	791.397766,	1247.952393,	1815.278809,	1293.239746,	1292.883545,	2216.600830,	1471.217896,	600.763245,	1244.913330,	2079.325928,	2180.226318,	1112.155273,	821.047363,	1637.276855,	1622.771362,	660.684082,	1429.646973,	1281.754761,	1424.178833,	1223.664551,	803.146484,	2090.710449,	2271.438477,	1688.373779,	1371.737183,	2222.191162,	1245.282959,	1969.354248,	1719.837280,	1289.810303,	1946.952026,	711.026672,	2143.681885,	1030.494629,	786.587036,	2282.890625,	659.471558,	1907.369385,	1041.169434,	2124.044434,	822.166748,	1213.513916,	455.235504,	1232.680054,	449.418274,	2201.812500,	1510.715820,	1294.832764,	1294.832764,	728.150269,	1300.882568,	1426.343750,	1236.034546,	1286.249634,	865.085571,	428.766052,	1438.760498,	716.609436,	1959.991089,	1112.937500,	1790.231445,	453.687073,	873.175964,	2228.526367,	2645.403564,	1941.377686,	1943.382446,	1437.902710,	1943.111572,	1943.070190,	827.874390,	1944.521973,	2097.086914,	1385.381226,	1797.994751,	749.967957,	814.941833,	608.532776,	1382.810059,	1112.605103,	1456.908569,	2089.999756,	1739.646851,	1438.424438,	1622.771362,	2096.617432,	1945.033569,	1112.695557,	2271.634033,	1119.080444,	1939.256958,	2271.462891,	1634.180298,	1004.956177,	1434.216431,	1388.047363,	2114.277344,	2054.956543,	1169.238892,	1849.697144,	1278.424194,	1017.128601,	1294.282715,	1822.407959,	]
[ 728.150269,	0.000000,	2049.903076,	2250.923584,	704.782959,	294.518921,	2571.170898,	2610.596436,	2119.501465,	2609.004150,	2299.028809,	1586.057007,	521.355957,	2546.966553,	2650.363037,	1941.698975,	2680.442871,	96.468300,	2110.094727,	1971.913696,	2048.091064,	59.527020,	1583.811401,	2426.395264,	2122.070312,	1568.807129,	0.000000,	1569.787109,	2555.820068,	1477.160645,	2362.916260,	1976.359009,	1857.055786,	239.932465,	1580.078735,	1752.597778,	2607.046875,	2365.174072,	937.396118,	2406.555664,	2412.432129,	1930.000366,	1506.755493,	1940.164185,	2546.187500,	2543.626221,	1431.204834,	1644.862793,	2230.909424,	1580.078735,	1577.909668,	2623.271484,	1930.000366,	596.249268,	1642.186768,	2547.141357,	2609.028320,	560.604980,	1455.645264,	2095.555176,	2027.337524,	935.252441,	1836.476074,	1572.897217,	1823.033203,	712.103210,	1365.987183,	2538.346924,	2681.961914,	2248.308838,	1822.294922,	2608.169922,	1640.974121,	2439.166992,	2150.371094,	1568.807129,	2425.305420,	190.480606,	2585.830078,	1412.339722,	1485.277344,	2684.156982,	937.396118,	2412.691650,	1685.968506,	2561.590088,	1459.081055,	701.224426,	310.676849,	1722.254395,	320.054932,	2598.048828,	2103.780762,	1580.142090,	1580.142090,	0.000000,	1590.202637,	1843.048950,	1720.505493,	1573.827515,	1541.982544,	335.681458,	1843.074951,	13.901451,	2411.738037,	561.604858,	2220.062012,	307.708923,	1328.844238,	2647.279541,	2008.514526,	2420.601562,	2420.836426,	1846.347412,	2422.025391,	2419.991943,	1437.997803,	2422.246338,	2538.061768,	1786.472656,	2245.641602,	29.683140,	1503.034302,	931.899780,	1937.273804,	510.509277,	1830.751831,	2536.365967,	2364.742188,	2049.743896,	2027.337524,	2542.514893,	2421.322998,	759.122620,	2681.514404,	561.552673,	2400.162354,	2681.671631,	2040.219727,	1338.568359,	1838.480103,	1755.218872,	2556.955078,	2520.265137,	1828.047729,	2385.655518,	1564.099609,	1481.972046,	1580.625854,	2279.097656,	]
[ 1627.380249,	2049.903076,	0.000000,	208.546082,	1925.038940,	1948.671265,	542.395996,	574.364868,	536.863159,	561.800659,	542.228638,	526.150146,	1971.056152,	497.075653,	604.269958,	412.176788,	645.248352,	1984.833862,	527.392578,	253.593918,	44.964214,	2027.895996,	526.725952,	392.238068,	540.467896,	547.496887,	2049.903076,	538.966431,	506.028137,	1107.288940,	462.511322,	339.326691,	361.482880,	2014.444580,	530.488647,	356.723297,	568.472595,	463.326538,	1113.168335,	356.746704,	383.120300,	175.852859,	543.317505,	112.805130,	496.365204,	497.200623,	963.282654,	405.180420,	188.118622,	530.488647,	534.104797,	590.281616,	175.852859,	1459.128906,	407.900543,	503.967682,	562.592834,	1949.718750,	934.265015,	113.060829,	54.457664,	1115.154175,	213.499084,	531.038574,	228.233719,	1918.580444,	848.418030,	488.587769,	646.397278,	486.068329,	257.990417,	595.630432,	409.015900,	402.020691,	100.803444,	547.496887,	397.899292,	1888.952759,	536.084473,	638.639465,	1151.793701,	656.010071,	1113.168335,	429.424744,	854.612610,	512.348450,	938.578979,	1916.999023,	1955.285156,	412.287567,	1955.698853,	574.432434,	579.014038,	532.178833,	532.178833,	2049.903076,	520.359253,	207.908279,	405.029053,	534.213501,	1033.373657,	1938.718628,	207.297867,	2047.524048,	364.182037,	1949.608154,	170.223236,	1949.457397,	758.731934,	606.056885,	3059.428223,	394.665558,	392.784027,	203.578354,	395.582245,	391.401245,	884.244568,	394.381592,	488.287720,	263.652618,	201.765732,	2050.170898,	1095.421143,	1125.217407,	450.297119,	2025.681885,	239.035141,	486.523254,	790.157166,	650.711365,	54.457664,	492.640411,	391.901672,	1667.186279,	646.415527,	1960.410278,	357.979095,	646.333618,	48.573315,	713.025513,	211.830490,	309.633179,	507.109558,	476.459351,	876.704773,	482.048859,	543.425293,	610.396240,	530.654663,	240.936356,	]
[ 1801.045532,	2250.923584,	208.546082,	0.000000,	2132.908203,	2140.175537,	387.160431,	407.507904,	516.264893,	377.364532,	446.583740,	733.001465,	2179.586182,	301.573975,	420.930237,	475.354218,	476.014709,	2187.709473,	510.433533,	341.710632,	227.196747,	2230.357910,	733.716370,	183.841660,	518.917725,	754.266907,	2250.923584,	746.214539,	313.347565,	1220.381104,	316.424500,	400.192596,	475.339661,	2207.625244,	737.516968,	560.884094,	398.758240,	316.255737,	1313.528442,	163.800720,	175.818771,	330.796448,	744.946472,	311.921600,	303.555084,	317.212250,	1094.436890,	607.320740,	112.874268,	737.516968,	741.059998,	426.537964,	330.796448,	1662.693970,	609.884155,	297.221313,	379.876282,	2158.259521,	1063.764038,	163.785095,	247.844955,	1315.675781,	418.570404,	738.550171,	435.057587,	2126.385986,	1006.207275,	291.517212,	476.681488,	405.084564,	434.995239,	452.706696,	611.350769,	193.487793,	111.486702,	754.266907,	190.893585,	2092.615967,	343.219757,	838.622925,	1261.486572,	493.846558,	1313.528442,	241.899551,	944.959290,	323.001190,	1067.020874,	2124.900635,	2145.992920,	568.863342,	2145.984131,	422.364807,	565.101990,	739.088928,	739.088928,	2250.923584,	727.277771,	409.057587,	565.070068,	741.467651,	1139.850586,	2128.498779,	413.390442,	2248.168701,	161.674881,	2158.148193,	69.625809,	2140.367188,	943.794678,	430.740906,	3246.219238,	188.195435,	185.680588,	408.449585,	188.923492,	184.165207,	1022.561462,	187.304565,	296.208038,	468.765503,	8.602910,	2251.976074,	1205.005859,	1322.411377,	509.143311,	2234.192871,	446.937988,	290.325226,	706.251587,	655.527954,	247.844955,	296.836761,	184.427979,	1875.006958,	477.239807,	2168.950195,	150.263550,	476.884399,	235.438751,	917.487122,	417.778412,	518.174744,	313.758453,	269.964752,	934.788330,	330.052429,	750.800293,	791.092102,	737.629517,	34.127544,	]
[ 1220.888794,	704.782959,	1925.038940,	2132.908203,	0.000000,	941.791321,	2370.385498,	2416.501953,	2176.712891,	2437.079346,	2322.649170,	1400.433228,	187.983170,	2396.403809,	2472.818115,	1969.363647,	2480.084717,	617.946411,	2165.329834,	1940.102539,	1907.270874,	645.353760,	1399.577393,	2316.710205,	2180.167725,	1379.308838,	704.782959,	1386.873901,	2400.315430,	1771.116211,	2334.161377,	1976.606201,	1860.015625,	919.054260,	1395.746582,	1574.794922,	2416.773438,	2335.929688,	983.160339,	2264.119141,	2308.141357,	1860.801880,	1435.605713,	1832.534546,	2391.634521,	2373.125488,	1657.873901,	1557.245605,	2077.372803,	1395.746582,	1392.280884,	2423.766846,	1860.801880,	694.397034,	1555.473877,	2422.009521,	2434.758301,	145.529907,	1671.261475,	2004.370850,	1886.164673,	979.339600,	1725.207886,	1394.390015,	1705.552124,	9.679525,	1514.240112,	2390.876953,	2482.052246,	2263.375732,	1760.036499,	2387.892822,	1552.874878,	2325.620605,	2022.027954,	1379.308838,	2322.938232,	571.302368,	2428.274902,	1363.102051,	1797.399902,	2474.140381,	983.160339,	2343.597656,	1882.056641,	2400.871094,	1677.188354,	8.862836,	961.383545,	1719.194458,	970.898376,	2389.415771,	2177.822021,	1394.295166,	1394.295166,	704.782959,	1406.075806,	1741.178833,	1712.083740,	1391.612549,	1807.141357,	978.048462,	1728.117188,	716.939636,	2280.023682,	144.532639,	2083.141357,	955.476624,	1375.893921,	2458.968750,	1435.536743,	2319.677246,	2317.820801,	1735.223145,	2320.609375,	2316.430664,	1625.733398,	2319.419189,	2383.131348,	1677.356812,	2125.685303,	676.855530,	1792.671509,	1020.555664,	1979.186035,	220.494354,	1686.075073,	2387.629883,	2463.310547,	2155.152100,	1886.164673,	2392.736816,	2316.903809,	257.931885,	2480.944580,	146.725891,	2279.920654,	2481.444336,	1898.937500,	1263.162964,	1724.195923,	1616.456787,	2402.358154,	2394.476562,	2029.688843,	2357.073975,	1382.207886,	1499.497559,	1395.685791,	2165.831299,	]
[ 462.178101,	294.518921,	1948.671265,	2140.175537,	941.791321,	0.000000,	2485.074219,	2520.786865,	1946.152466,	2510.194336,	2132.978760,	1532.412109,	772.599915,	2441.061035,	2552.860596,	1785.002197,	2591.572998,	343.842346,	1937.734131,	1836.835815,	1953.374512,	338.531097,	1529.728638,	2307.372070,	1948.327271,	1517.894531,	294.518921,	1516.055908,	2451.677246,	1242.514893,	2214.537354,	1828.799194,	1713.031250,	78.350052,	1526.276123,	1686.116577,	2515.755615,	2216.920166,	853.334229,	2301.039307,	2291.665527,	1811.197998,	1410.893311,	1836.278687,	2441.899902,	2445.831543,	1222.264893,	1547.150269,	2135.040039,	1526.276123,	1524.788452,	2535.383789,	1811.197998,	581.991943,	1544.258301,	2431.135498,	2511.167969,	805.927429,	1249.585449,	1979.246826,	1933.549316,	852.335510,	1738.563354,	1517.122681,	1728.265869,	947.576965,	1190.822510,	2431.417725,	2592.872803,	2086.717529,	1705.341797,	2529.258057,	1543.680542,	2321.323730,	2046.982788,	1517.894531,	2303.447266,	370.489777,	2481.781738,	1314.255737,	1244.338989,	2599.190918,	853.334229,	2278.297607,	1477.284180,	2459.401367,	1251.938843,	936.557922,	19.666780,	1586.564087,	29.109634,	2514.538818,	1924.825684,	1526.968628,	1526.968628,	294.518921,	1535.668701,	1741.035278,	1587.010376,	1519.542236,	1314.688843,	41.182442,	1746.355347,	281.029205,	2301.804443,	806.883301,	2117.833252,	13.952833,	1197.492554,	2554.233643,	2296.095703,	2298.303955,	2299.349121,	1747.925049,	2299.882080,	2298.739990,	1243.258911,	2300.648193,	2434.126953,	1690.051636,	2135.827393,	321.950104,	1268.896484,	829.035950,	1775.389038,	774.360901,	1746.725586,	2429.991699,	2170.779785,	1861.190186,	1933.549316,	2436.405518,	2300.371338,	930.529724,	2592.707031,	809.410522,	2285.995117,	2592.719727,	1945.986572,	1257.445679,	1741.697998,	1672.468140,	2452.420410,	2405.177246,	1612.803589,	2236.630371,	1510.312378,	1351.575317,	1527.042114,	2165.614258,	]
[ 2169.624756,	2571.170898,	542.395996,	387.160431,	2370.385498,	2485.074219,	0.000000,	48.994251,	867.021484,	112.371353,	740.963196,	995.324829,	2441.556152,	170.380157,	122.064346,	860.116150,	110.636543,	2501.017334,	863.891418,	728.508850,	532.577881,	2545.215576,	997.089844,	317.742310,	868.858887,	1014.636475,	2571.170898,	1010.986389,	154.099609,	1607.405273,	574.417114,	786.007446,	861.436157,	2549.064209,	1000.959778,	822.364380,	55.117809,	572.655457,	1640.395752,	236.553009,	337.448273,	703.011658,	1074.319702,	654.879089,	156.889603,	103.643219,	1480.673950,	937.995911,	354.359406,	1000.959778,	1003.693726,	53.485107,	703.011658,	1975.739136,	940.903015,	256.487671,	104.770416,	2415.343994,	1450.166260,	544.830627,	551.952332,	1642.045410,	747.285339,	1006.205200,	756.873413,	2362.904053,	1384.392212,	180.652863,	112.429024,	722.199463,	798.376648,	72.796371,	941.430298,	302.936340,	450.979401,	1014.636475,	339.850739,	2402.851562,	152.233551,	1170.914795,	1648.252686,	114.155273,	1640.395752,	443.830414,	1329.907349,	136.814194,	1453.548950,	2363.004883,	2492.374756,	945.288025,	2493.134033,	35.627499,	916.483948,	1001.487244,	1001.487244,	2571.170898,	990.488464,	746.832397,	939.861877,	1006.576782,	1526.478394,	2476.570068,	739.177734,	2569.733154,	260.927063,	2415.100586,	381.848633,	2486.384033,	1300.662964,	93.776169,	3348.974365,	345.289062,	338.990387,	738.166565,	343.477844,	337.580536,	1407.407959,	339.204803,	155.721405,	795.228088,	387.467682,	2569.338867,	1591.820679,	1657.593384,	892.493591,	2497.235107,	741.331116,	176.440338,	980.727661,	1013.111145,	551.952332,	172.920822,	334.692108,	2114.831543,	111.604347,	2425.751709,	296.553650,	111.950691,	539.724548,	1234.533691,	743.831848,	816.680359,	157.282333,	253.065277,	1310.736328,	572.778198,	1016.444641,	1152.778809,	1000.633667,	377.493469,	]
[ 2199.841064,	2610.596436,	574.364868,	407.507904,	2416.501953,	2520.786865,	48.994251,	0.000000,	870.349854,	77.249931,	735.497131,	1038.007202,	2486.273438,	154.503647,	75.372643,	875.303711,	70.898819,	2541.240967,	867.883240,	748.991455,	567.412598,	2585.282471,	1039.702637,	315.676025,	871.982849,	1057.530151,	2610.596436,	1053.548584,	136.775894,	1624.745483,	567.812256,	802.383606,	882.829590,	2585.405273,	1043.582153,	864.277405,	13.337559,	565.899048,	1678.237061,	249.010559,	336.105682,	730.239868,	1110.741699,	687.157532,	142.346146,	98.051460,	1501.786865,	973.759155,	386.502411,	1043.582153,	1046.385010,	21.339003,	730.239868,	2015.635376,	976.632507,	236.742188,	69.078529,	2460.364258,	1471.037720,	568.621948,	587.294556,	1679.955078,	782.243530,	1048.535278,	792.738403,	2409.065674,	1410.843018,	166.393204,	72.114380,	720.725708,	828.109802,	92.394798,	977.286743,	299.878571,	480.006958,	1057.530151,	336.294678,	2443.367920,	125.824059,	1207.203735,	1664.822144,	86.772057,	1678.237061,	436.509125,	1344.288330,	118.902367,	1474.213623,	2409.085205,	2527.823975,	971.955994,	2528.442871,	54.225658,	919.558899,	1044.187378,	1044.187378,	2610.596436,	1033.088013,	780.596069,	967.067688,	1049.097900,	1542.832275,	2511.699707,	774.435486,	2608.991211,	267.976624,	2460.128662,	409.690918,	2521.896729,	1333.069946,	44.784817,	3397.879883,	342.083221,	336.196045,	772.930298,	340.178436,	335.023041,	1430.034424,	336.173279,	143.860413,	830.796265,	408.772308,	2609.119141,	1608.539551,	1694.279419,	906.557495,	2541.909912,	779.936157,	163.070038,	969.154541,	1017.112000,	587.294556,	158.113266,	332.137451,	2160.679688,	72.059090,	2470.794922,	301.316467,	72.005142,	574.812439,	1272.925293,	779.092773,	855.437500,	139.385284,	238.467224,	1319.757812,	564.214905,	1058.962402,	1183.891724,	1043.286743,	394.112732,	]
[ 1537.522949,	2119.501465,	536.863159,	516.264893,	2176.712891,	1946.152466,	867.021484,	870.349854,	0.000000,	812.411560,	193.464188,	898.181152,	2176.718506,	723.047852,	851.160095,	212.378799,	926.959106,	2075.844971,	12.014615,	315.557465,	581.798279,	2112.955811,	896.855164,	555.574402,	4.002488,	916.970520,	2119.501465,	903.382690,	740.481628,	821.962524,	329.937622,	236.331100,	329.523743,	2021.203125,	899.462646,	784.787109,	858.389160,	332.437561,	1227.401855,	632.713318,	534.934082,	431.793884,	759.233887,	524.440125,	732.696960,	772.374512,	751.904724,	668.304321,	614.878113,	899.462646,	903.435913,	891.598206,	431.793884,	1581.008667,	668.821167,	660.855347,	818.356018,	2165.582275,	720.872925,	433.888428,	586.894287,	1230.683105,	584.913147,	892.703308,	607.023071,	2172.177490,	756.695618,	710.438904,	926.723999,	166.249100,	483.846283,	938.980591,	672.277100,	571.812195,	536.579529,	916.970520,	536.554138,	1992.380615,	762.849243,	817.851135,	852.880798,	954.087280,	1227.401855,	449.293304,	528.370178,	756.928833,	720.936096,	2168.011230,	1947.240601,	463.235016,	1944.876099,	902.154236,	49.567448,	902.427063,	902.427063,	2119.501465,	892.533142,	559.154602,	472.371307,	899.358154,	734.342773,	1925.225952,	589.955200,	2113.573242,	606.120422,	2165.722168,	565.578003,	1942.949707,	814.724854,	876.440308,	3449.016113,	530.525940,	535.901855,	579.071899,	532.486755,	536.850281,	709.810059,	536.142944,	729.188110,	609.794678,	520.812500,	2127.610596,	800.405701,	1211.497803,	197.667526,	2226.765137,	667.385437,	712.528381,	298.049988,	147.034912,	586.894287,	718.579102,	539.687195,	1928.920776,	928.143799,	2176.285889,	570.604919,	927.361938,	584.561279,	920.091431,	590.888794,	694.742920,	738.830811,	646.472473,	463.489868,	345.106445,	905.145142,	678.457825,	900.314453,	509.058655,	]
[ 2178.081787,	2609.004150,	561.800659,	377.364532,	2437.079346,	2510.194336,	112.371353,	77.249931,	812.411560,	0.000000,	669.484802,	1048.163330,	2501.119629,	89.377457,	43.575146,	831.990112,	115.117897,	2541.844971,	810.675903,	714.271118,	560.934753,	2585.426270,	1049.637573,	257.460815,	813.818604,	1068.276978,	2609.004150,	1063.277710,	72.155472,	1582.468262,	501.581024,	761.148315,	848.705078,	2576.208252,	1053.532349,	872.877808,	64.366226,	499.546692,	1673.588623,	213.602676,	278.153198,	706.989441,	1104.051392,	673.945923,	80.598160,	65.552788,	1465.307129,	966.115906,	378.094635,	1053.532349,	1056.538696,	95.623741,	706.989441,	2015.817139,	968.899658,	163.763000,	8.171591,	2476.379639,	1434.242065,	541.091370,	581.666748,	1675.472290,	773.908508,	1057.572510,	786.350159,	2429.849854,	1383.330566,	101.988075,	114.684296,	658.454895,	808.786133,	169.527908,	969.838440,	241.015045,	463.263428,	1068.276978,	275.858276,	2444.853516,	51.879200,	1199.890015,	1621.401978,	145.129593,	1673.588623,	370.683289,	1298.404297,	57.033001,	1437.094482,	2429.507568,	2516.630615,	946.215210,	2516.933594,	130.270020,	861.181885,	1054.376221,	1054.376221,	2609.004150,	1043.006104,	769.695374,	942.307739,	1058.716431,	1499.291992,	2499.803467,	766.817993,	2606.959961,	223.445358,	2476.176270,	392.372162,	2510.851074,	1316.990601,	64.575348,	3445.496094,	281.893219,	276.601410,	764.237061,	279.930542,	275.721680,	1396.076660,	276.316223,	85.598450,	823.487183,	380.150330,	2608.472168,	1565.408813,	1686.833496,	861.549561,	2556.560059,	780.135864,	100.102898,	897.962463,	959.445190,	581.666748,	93.902916,	272.912659,	2180.276123,	116.266762,	2486.894043,	252.059799,	115.402275,	568.787415,	1270.471802,	771.448730,	855.539551,	73.623573,	169.650009,	1267.130737,	496.341492,	1068.535645,	1165.635986,	1053.333008,	358.492950,	]
[ 1729.165405,	2299.028809,	542.228638,	446.583740,	2322.649170,	2132.978760,	740.963196,	735.497131,	193.464188,	669.484802,	0.000000,	990.857666,	2333.271973,	582.049011,	704.280151,	360.980255,	784.349426,	2252.261230,	199.545227,	394.031830,	585.026794,	2290.376465,	990.115295,	423.394958,	192.321732,	1011.173706,	2299.028809,	998.766602,	599.907837,	1013.555786,	167.917725,	346.131622,	463.286041,	2207.420898,	993.202087,	852.821411,	722.689270,	169.938553,	1393.081909,	519.894592,	404.121918,	497.506836,	889.416016,	569.666504,	593.481750,	639.968079,	945.132812,	779.853088,	558.004395,	993.202087,	997.202759,	756.767334,	497.506836,	1749.448975,	781.012695,	508.859955,	676.327942,	2319.854248,	914.027283,	429.192352,	596.585022,	1396.185181,	655.209595,	988.584473,	678.005188,	2317.610352,	942.185791,	569.753784,	783.753418,	61.609402,	579.299438,	813.735962,	784.128174,	438.027130,	505.778015,	1011.173706,	401.112488,	2166.561279,	617.960632,	959.694946,	1043.207886,	814.407471,	1393.081909,	299.121063,	720.395447,	617.436401,	914.183044,	2314.063477,	2134.562988,	604.742493,	2132.431885,	774.469666,	229.495712,	995.852783,	995.852783,	2299.028809,	984.952087,	631.620178,	611.128235,	994.354797,	925.793823,	2112.945801,	657.420044,	2293.534180,	487.689453,	2319.939453,	510.147675,	2130.122803,	981.113281,	734.005981,	3555.384033,	395.694794,	402.043549,	647.200195,	397.495789,	403.501312,	901.298462,	401.791351,	591.637451,	691.288513,	453.503876,	2306.135254,	991.521606,	1381.653320,	361.899445,	2384.550537,	728.104858,	572.745422,	259.683411,	322.909149,	596.585022,	578.076843,	406.381195,	2070.783203,	785.468079,	2330.612793,	450.642303,	784.543152,	590.210022,	1059.577515,	659.630188,	772.331360,	597.684265,	499.843597,	645.336426,	174.777756,	1001.473450,	836.615417,	993.858093,	427.536804,	]
[ 1299.188232,	1586.057007,	526.150146,	733.001465,	1400.433228,	1532.412109,	995.324829,	1038.007202,	898.181152,	1048.163330,	990.857666,	0.000000,	1454.243530,	1000.193420,	1086.636963,	691.967285,	1105.862427,	1511.679810,	886.221741,	598.438477,	506.857635,	1556.571533,	3.376607,	916.637512,	902.159790,	21.395876,	1586.057007,	16.394600,	1005.437744,	1048.651611,	961.744812,	663.924255,	575.220459,	1589.183105,	6.140895,	175.696335,	1036.196899,	963.132690,	680.271729,	865.269653,	908.617859,	494.561676,	240.378586,	442.418549,	996.416199,	982.983398,	871.528931,	240.738037,	679.051208,	6.140895,	8.382402,	1048.477051,	494.561676,	990.147034,	241.307922,	1021.947021,	1046.778564,	1430.760986,	854.327698,	613.969238,	485.782288,	680.986938,	340.709137,	18.114363,	318.666412,	1393.799561,	683.017456,	993.901001,	1107.580566,	929.262085,	416.126709,	1026.291626,	237.657501,	925.303162,	621.841980,	21.395876,	923.547607,	1412.322388,	1034.243530,	297.201813,	1096.961426,	1105.986450,	680.271729,	951.691223,	911.862244,	1007.560791,	861.281128,	1392.491821,	1542.462646,	470.181702,	1544.754883,	1019.560730,	920.029968,	6.216541,	6.216541,	1586.057007,	5.970394,	361.930054,	457.274719,	13.044288,	1007.386047,	1530.426636,	340.914581,	1585.665649,	879.994507,	1430.597290,	682.825012,	1535.861694,	484.480652,	1077.804077,	2564.632080,	920.494690,	918.385254,	349.902496,	921.355225,	916.939392,	785.086487,	919.995972,	987.940979,	300.059998,	725.645264,	1582.164795,	1049.519897,	712.612488,	718.666260,	1509.477417,	287.520447,	990.914612,	1194.449707,	944.202148,	485.782288,	996.306824,	917.312134,	1142.501953,	1106.857788,	1441.363281,	879.492615,	1107.156738,	498.526581,	294.573730,	337.760254,	223.942459,	1007.246460,	994.379639,	1010.698303,	983.673157,	22.143112,	423.604645,	5.434824,	766.215576,	]
[ 1091.440308,	521.355957,	1971.056152,	2179.586182,	187.983170,	772.599915,	2441.556152,	2486.273438,	2176.718506,	2501.119629,	2333.271973,	1454.243530,	0.000000,	2454.402832,	2538.644775,	1974.664673,	2552.026611,	438.490509,	2165.732422,	1961.062256,	1957.396240,	462.336395,	1452.973999,	2363.041504,	2179.975830,	1433.737427,	521.355957,	1439.605469,	2459.667725,	1702.547119,	2358.954834,	1989.404541,	1870.381348,	743.271240,	1449.084229,	1629.939697,	2485.530518,	2360.872314,	955.854004,	2318.726807,	2352.943359,	1890.767456,	1458.051514,	1872.559326,	2450.657227,	2436.244385,	1604.895020,	1586.982300,	2133.022217,	1449.084229,	1445.907593,	2495.036133,	1890.767456,	626.724609,	1584.923706,	2473.440918,	2499.404053,	43.907833,	1621.444824,	2042.273315,	1936.103149,	952.282532,	1764.554565,	1446.043945,	1746.280029,	196.404312,	1478.865356,	2448.001953,	2553.890381,	2275.670654,	1786.533813,	2464.393311,	1582.655151,	2373.072266,	2070.216553,	1433.737427,	2367.367432,	405.301941,	2488.413086,	1377.563843,	1724.506836,	2548.597168,	955.854004,	2379.304932,	1840.997437,	2461.619629,	1626.829468,	186.168121,	791.939941,	1728.850586,	801.612061,	2462.833008,	2173.324219,	1448.029663,	1448.029663,	521.355957,	1459.588501,	1778.208252,	1723.070801,	1444.254761,	1746.686890,	810.575012,	1768.525146,	533.948669,	2331.908936,	44.836811,	2134.365479,	786.483276,	1364.141113,	2527.545654,	1554.230469,	2363.688232,	2362.374756,	1774.694580,	2364.761230,	2361.117432,	1582.363159,	2363.937988,	2442.180908,	1715.300171,	2172.806641,	492.814728,	1725.575562,	983.442444,	1980.786011,	55.877499,	1733.970947,	2445.064453,	2455.221191,	2141.976562,	1936.103149,	2450.494385,	2361.825195,	351.663940,	2552.949219,	41.267624,	2328.726807,	2553.362061,	1949.077637,	1282.042725,	1764.354492,	1661.506714,	2461.485840,	2445.839844,	1989.239746,	2382.048096,	1434.541138,	1499.019165,	1449.194580,	2211.588867,	]
[ 2101.436035,	2546.966553,	497.075653,	301.573975,	2396.403809,	2441.061035,	170.380157,	154.503647,	723.047852,	89.377457,	582.049011,	1000.193420,	2454.402832,	0.000000,	129.730286,	745.549255,	204.115662,	2481.737061,	721.298523,	632.209229,	501.684784,	2524.884766,	1001.437866,	168.198914,	724.463684,	1020.791016,	2546.966553,	1014.798157,	17.861179,	1495.820557,	414.172241,	675.691833,	766.531677,	2508.085938,	1005.326538,	824.512329,	141.391769,	412.203766,	1610.069946,	140.510040,	188.881592,	632.318787,	1040.280029,	607.333862,	13.713980,	68.461349,	1381.080322,	902.144775,	321.711731,	1005.326538,	1008.520264,	175.520370,	632.318787,	1955.897339,	904.839294,	86.404022,	95.380737,	2430.879150,	1349.894409,	464.730499,	522.868835,	1612.088135,	710.553284,	1008.435425,	724.588684,	2389.404785,	1303.898193,	12.610646,	203.797745,	569.623108,	736.371094,	240.026398,	906.013306,	151.713943,	396.633606,	1020.791016,	186.494812,	2385.599365,	42.894875,	1135.264160,	1534.349731,	232.732483,	1610.069946,	282.934570,	1210.711304,	35.607788,	1352.598755,	2388.675049,	2447.043701,	868.762085,	2447.112061,	199.341492,	771.841309,	1006.404968,	1006.404968,	2546.966553,	994.826233,	704.194397,	865.508362,	1010.151184,	1412.245972,	2429.707275,	704.140503,	2544.555176,	141.501801,	2430.708740,	327.021942,	2441.378174,	1245.231201,	153.521255,	3437.500488,	192.523117,	187.225220,	700.651001,	190.561569,	186.352554,	1313.114136,	186.938904,	18.467154,	760.646362,	305.488342,	2547.235352,	1478.473633,	1621.006470,	774.450134,	2509.587402,	724.410400,	11.557944,	814.740234,	870.080078,	522.868835,	4.878873,	183.547806,	2138.887939,	205.286346,	2441.467285,	166.058640,	204.469040,	509.827026,	1209.750244,	708.710510,	799.106079,	15.807125,	84.076195,	1178.007935,	409.975220,	1019.872620,	1092.659912,	1005.224304,	279.033600,	]
[ 2221.579346,	2650.363037,	604.269958,	420.930237,	2472.818115,	2552.860596,	122.064346,	75.372643,	851.160095,	43.575146,	704.280151,	1086.636963,	2538.644775,	129.730286,	0.000000,	874.498840,	82.662682,	2582.794434,	849.708191,	757.685852,	602.520996,	2626.466797,	1088.169678,	297.632721,	852.475891,	1106.605591,	2650.363037,	1101.870239,	113.439598,	1624.930664,	536.632385,	803.975281,	892.122620,	2618.710693,	1092.062500,	911.640564,	66.952774,	534.522888,	1715.362671,	257.176239,	318.273285,	750.446106,	1146.017456,	716.583130,	122.482773,	107.095459,	1508.472046,	1008.173889,	419.651825,	1092.062500,	1095.017334,	85.824356,	750.446106,	2056.794434,	1010.971863,	195.667007,	41.698288,	2513.558594,	1477.382202,	584.646301,	623.137390,	1717.220093,	815.972168,	1096.339355,	828.126709,	2465.519287,	1426.904053,	142.202713,	81.565300,	695.459473,	852.048401,	162.521515,	1011.869385,	281.088959,	506.102386,	1106.605591,	315.061829,	2485.623047,	88.385681,	1241.975586,	1663.677490,	116.126381,	1715.362671,	406.530029,	1340.304199,	99.764519,	1480.204590,	2465.296875,	2559.365234,	989.773621,	2559.702637,	128.150803,	899.706543,	1092.844604,	1092.844604,	2650.363037,	1081.538940,	812.107666,	985.845947,	1097.335083,	1541.567749,	2542.613281,	808.771179,	2648.395508,	266.617310,	2513.345459,	435.171112,	2553.568848,	1360.101440,	38.675766,	3469.136963,	321.154419,	316.134216,	806.346375,	319.181946,	315.372467,	1439.436401,	315.748901,	128.173340,	865.428040,	423.688538,	2649.661133,	1607.740479,	1729.028198,	903.770752,	2594.147705,	820.728394,	140.951614,	928.057861,	998.170837,	623.137390,	134.474167,	312.611694,	2216.303223,	83.631538,	2524.049072,	294.495575,	82.537498,	610.308716,	1311.794922,	813.408875,	896.206116,	114.385559,	205.504562,	1307.411499,	530.233765,	1107.171021,	1208.892944,	1091.838013,	402.008301,	]
[ 1398.265747,	1941.698975,	412.176788,	475.354218,	1969.363647,	1785.002197,	860.116150,	875.303711,	212.378799,	831.990112,	360.980255,	691.967285,	1974.664673,	745.549255,	874.498840,	0.000000,	940.370239,	1893.093628,	200.450653,	158.624557,	453.834839,	1931.701782,	690.444153,	582.034485,	216.180069,	710.082397,	1941.698975,	696.194580,	761.168762,	750.481873,	431.188995,	76.514801,	117.945503,	1858.154419,	692.863159,	592.031433,	865.152100,	433.638153,	1032.114990,	626.318115,	562.318359,	262.020294,	546.970093,	362.438110,	752.021851,	779.639832,	640.538940,	458.112793,	545.996094,	692.863159,	696.796692,	895.454956,	262.020294,	1388.498047,	458.466766,	703.799255,	836.299866,	1962.173950,	609.000488,	338.166443,	452.023010,	1035.225464,	397.677582,	685.426270,	418.218597,	1964.632324,	597.855347,	733.416870,	940.679382,	307.153839,	284.884125,	927.425293,	461.980713,	598.380493,	449.835022,	710.082397,	569.538391,	1806.541748,	788.230591,	607.740295,	789.764099,	962.035400,	1032.114990,	513.426270,	469.860291,	774.992981,	611.078247,	1960.703491,	1787.607422,	251.736343,	1785.989380,	895.639038,	228.392975,	695.914490,	695.914490,	1941.698975,	686.458008,	371.765015,	260.398254,	692.328552,	667.697021,	1766.915649,	404.500763,	1936.538452,	609.481506,	1962.283081,	501.348053,	1782.859741,	620.203918,	891.934692,	3236.980225,	563.525757,	566.971619,	393.728912,	565.429932,	567.155823,	579.881470,	567.802856,	746.453979,	414.034210,	476.503082,	1948.108154,	733.620483,	1020.998962,	38.160225,	2025.510864,	483.089905,	734.095947,	509.969788,	261.994690,	452.023010,	740.706482,	569.570862,	1720.017700,	941.600647,	1972.912476,	580.007690,	941.064636,	453.901031,	709.543884,	404.458496,	498.662079,	760.437317,	682.866943,	468.171417,	452.739807,	697.635254,	476.272308,	693.776794,	482.625275,	]
