Q=[
[ 41.000000,	258.000000,	52.000000,	14.000000,	5.000000,	]
[ 18.000000,	79.000000,	19.000000,	5.000000,	2.000000,	]
[ 18.000000,	72.000000,	12.000000,	3.000000,	2.000000,	]
[ 22.000000,	115.000000,	14.000000,	3.000000,	2.000000,	]
[ 18.000000,	119.000000,	29.000000,	10.000000,	2.000000,	]
[ 27.000000,	166.000000,	49.000000,	11.000000,	4.000000,	]
[ 27.000000,	86.000000,	12.000000,	5.000000,	2.000000,	]
[ 15.000000,	76.000000,	12.000000,	6.000000,	2.000000,	]
[ 14.000000,	131.000000,	27.000000,	3.000000,	2.000000,	]
[ 24.000000,	99.000000,	12.000000,	3.000000,	2.000000,	]
[ 31.000000,	189.000000,	27.000000,	4.000000,	2.000000,	]
[ 18.000000,	99.000000,	28.000000,	15.000000,	2.000000,	]
[ 15.000000,	77.000000,	20.000000,	3.000000,	2.000000,	]
[ 35.000000,	150.000000,	23.000000,	7.000000,	2.000000,	]
[ 14.000000,	77.000000,	14.000000,	6.000000,	2.000000,	]
[ 29.000000,	171.000000,	38.000000,	7.000000,	2.000000,	]
[ 11.000000,	79.000000,	12.000000,	3.000000,	2.000000,	]
[ 21.000000,	86.000000,	12.000000,	3.000000,	2.000000,	]
[ 17.000000,	94.000000,	16.000000,	7.000000,	2.000000,	]
[ 19.000000,	111.000000,	12.000000,	3.000000,	2.000000,	]
[ 34.000000,	117.000000,	15.000000,	9.000000,	2.000000,	]
[ 19.000000,	111.000000,	27.000000,	6.000000,	2.000000,	]
[ 22.000000,	85.000000,	22.000000,	6.000000,	2.000000,	]
[ 16.000000,	83.000000,	19.000000,	5.000000,	2.000000,	]
[ 13.000000,	76.000000,	15.000000,	3.000000,	2.000000,	]
[ 23.000000,	101.000000,	15.000000,	7.000000,	2.000000,	]
[ 11.000000,	78.000000,	16.000000,	3.000000,	2.000000,	]
[ 16.000000,	83.000000,	12.000000,	6.000000,	2.000000,	]
[ 11.000000,	77.000000,	12.000000,	3.000000,	2.000000,	]
[ 14.000000,	74.000000,	14.000000,	6.000000,	2.000000,	]
[ 11.000000,	72.000000,	12.000000,	3.000000,	2.000000,	]
[ 11.000000,	72.000000,	12.000000,	3.000000,	2.000000,	]
[ 11.000000,	72.000000,	12.000000,	3.000000,	2.000000,	]
[ 11.000000,	72.000000,	12.000000,	3.000000,	2.000000,	]
[ 23.000000,	100.000000,	15.000000,	6.000000,	2.000000,	]
[ 35.000000,	104.000000,	12.000000,	3.000000,	10.000000,	]
[ 11.000000,	72.000000,	12.000000,	3.000000,	2.000000,	]
[ 11.000000,	72.000000,	12.000000,	3.000000,	2.000000,	]
[ 21.000000,	93.000000,	12.000000,	3.000000,	2.000000,	]
[ 41.000000,	136.000000,	21.000000,	3.000000,	2.000000,	]
];








D=[
[ 0.000000,	728.150269,	1627.380249,	1801.045532,	1220.888794,	462.178101,	2169.624756,	2199.841064,	1537.522949,	2178.081787,	1729.165405,	1299.188232,	1091.440308,	2101.436035,	2221.579346,	1398.265747,	2270.442139,	739.531799,	1530.286133,	1475.097290,	1640.665894,	754.293457,	1296.030884,	1954.239624,	1539.248535,	1289.810303,	728.150269,	1283.844482,	2114.035645,	788.480286,	1828.685669,	1451.879272,	1343.793823,	539.918518,	1293.239746,	1424.512451,	2193.022705,	1831.169556,	659.471558,	1964.782104,	]
[ 728.150269,	0.000000,	2049.903076,	2250.923584,	704.782959,	294.518921,	2571.170898,	2610.596436,	2119.501465,	2609.004150,	2299.028809,	1586.057007,	521.355957,	2546.966553,	2650.363037,	1941.698975,	2680.442871,	96.468300,	2110.094727,	1971.913696,	2048.091064,	59.527020,	1583.811401,	2426.395264,	2122.070312,	1568.807129,	0.000000,	1569.787109,	2555.820068,	1477.160645,	2362.916260,	1976.359009,	1857.055786,	239.932465,	1580.078735,	1752.597778,	2607.046875,	2365.174072,	937.396118,	2406.555664,	]
[ 1627.380249,	2049.903076,	0.000000,	208.546082,	1925.038940,	1948.671265,	542.395996,	574.364868,	536.863159,	561.800659,	542.228638,	526.150146,	1971.056152,	497.075653,	604.269958,	412.176788,	645.248352,	1984.833862,	527.392578,	253.593918,	44.964214,	2027.895996,	526.725952,	392.238068,	540.467896,	547.496887,	2049.903076,	538.966431,	506.028137,	1107.288940,	462.511322,	339.326691,	361.482880,	2014.444580,	530.488647,	356.723297,	568.472595,	463.326538,	1113.168335,	356.746704,	]
[ 1801.045532,	2250.923584,	208.546082,	0.000000,	2132.908203,	2140.175537,	387.160431,	407.507904,	516.264893,	377.364532,	446.583740,	733.001465,	2179.586182,	301.573975,	420.930237,	475.354218,	476.014709,	2187.709473,	510.433533,	341.710632,	227.196747,	2230.357910,	733.716370,	183.841660,	518.917725,	754.266907,	2250.923584,	746.214539,	313.347565,	1220.381104,	316.424500,	400.192596,	475.339661,	2207.625244,	737.516968,	560.884094,	398.758240,	316.255737,	1313.528442,	163.800720,	]
[ 1220.888794,	704.782959,	1925.038940,	2132.908203,	0.000000,	941.791321,	2370.385498,	2416.501953,	2176.712891,	2437.079346,	2322.649170,	1400.433228,	187.983170,	2396.403809,	2472.818115,	1969.363647,	2480.084717,	617.946411,	2165.329834,	1940.102539,	1907.270874,	645.353760,	1399.577393,	2316.710205,	2180.167725,	1379.308838,	704.782959,	1386.873901,	2400.315430,	1771.116211,	2334.161377,	1976.606201,	1860.015625,	919.054260,	1395.746582,	1574.794922,	2416.773438,	2335.929688,	983.160339,	2264.119141,	]
[ 462.178101,	294.518921,	1948.671265,	2140.175537,	941.791321,	0.000000,	2485.074219,	2520.786865,	1946.152466,	2510.194336,	2132.978760,	1532.412109,	772.599915,	2441.061035,	2552.860596,	1785.002197,	2591.572998,	343.842346,	1937.734131,	1836.835815,	1953.374512,	338.531097,	1529.728638,	2307.372070,	1948.327271,	1517.894531,	294.518921,	1516.055908,	2451.677246,	1242.514893,	2214.537354,	1828.799194,	1713.031250,	78.350052,	1526.276123,	1686.116577,	2515.755615,	2216.920166,	853.334229,	2301.039307,	]
[ 2169.624756,	2571.170898,	542.395996,	387.160431,	2370.385498,	2485.074219,	0.000000,	48.994251,	867.021484,	112.371353,	740.963196,	995.324829,	2441.556152,	170.380157,	122.064346,	860.116150,	110.636543,	2501.017334,	863.891418,	728.508850,	532.577881,	2545.215576,	997.089844,	317.742310,	868.858887,	1014.636475,	2571.170898,	1010.986389,	154.099609,	1607.405273,	574.417114,	786.007446,	861.436157,	2549.064209,	1000.959778,	822.364380,	55.117809,	572.655457,	1640.395752,	236.553009,	]
[ 2199.841064,	2610.596436,	574.364868,	407.507904,	2416.501953,	2520.786865,	48.994251,	0.000000,	870.349854,	77.249931,	735.497131,	1038.007202,	2486.273438,	154.503647,	75.372643,	875.303711,	70.898819,	2541.240967,	867.883240,	748.991455,	567.412598,	2585.282471,	1039.702637,	315.676025,	871.982849,	1057.530151,	2610.596436,	1053.548584,	136.775894,	1624.745483,	567.812256,	802.383606,	882.829590,	2585.405273,	1043.582153,	864.277405,	13.337559,	565.899048,	1678.237061,	249.010559,	]
[ 1537.522949,	2119.501465,	536.863159,	516.264893,	2176.712891,	1946.152466,	867.021484,	870.349854,	0.000000,	812.411560,	193.464188,	898.181152,	2176.718506,	723.047852,	851.160095,	212.378799,	926.959106,	2075.844971,	12.014615,	315.557465,	581.798279,	2112.955811,	896.855164,	555.574402,	4.002488,	916.970520,	2119.501465,	903.382690,	740.481628,	821.962524,	329.937622,	236.331100,	329.523743,	2021.203125,	899.462646,	784.787109,	858.389160,	332.437561,	1227.401855,	632.713318,	]
[ 2178.081787,	2609.004150,	561.800659,	377.364532,	2437.079346,	2510.194336,	112.371353,	77.249931,	812.411560,	0.000000,	669.484802,	1048.163330,	2501.119629,	89.377457,	43.575146,	831.990112,	115.117897,	2541.844971,	810.675903,	714.271118,	560.934753,	2585.426270,	1049.637573,	257.460815,	813.818604,	1068.276978,	2609.004150,	1063.277710,	72.155472,	1582.468262,	501.581024,	761.148315,	848.705078,	2576.208252,	1053.532349,	872.877808,	64.366226,	499.546692,	1673.588623,	213.602676,	]
[ 1729.165405,	2299.028809,	542.228638,	446.583740,	2322.649170,	2132.978760,	740.963196,	735.497131,	193.464188,	669.484802,	0.000000,	990.857666,	2333.271973,	582.049011,	704.280151,	360.980255,	784.349426,	2252.261230,	199.545227,	394.031830,	585.026794,	2290.376465,	990.115295,	423.394958,	192.321732,	1011.173706,	2299.028809,	998.766602,	599.907837,	1013.555786,	167.917725,	346.131622,	463.286041,	2207.420898,	993.202087,	852.821411,	722.689270,	169.938553,	1393.081909,	519.894592,	]
[ 1299.188232,	1586.057007,	526.150146,	733.001465,	1400.433228,	1532.412109,	995.324829,	1038.007202,	898.181152,	1048.163330,	990.857666,	0.000000,	1454.243530,	1000.193420,	1086.636963,	691.967285,	1105.862427,	1511.679810,	886.221741,	598.438477,	506.857635,	1556.571533,	3.376607,	916.637512,	902.159790,	21.395876,	1586.057007,	16.394600,	1005.437744,	1048.651611,	961.744812,	663.924255,	575.220459,	1589.183105,	6.140895,	175.696335,	1036.196899,	963.132690,	680.271729,	865.269653,	]
[ 1091.440308,	521.355957,	1971.056152,	2179.586182,	187.983170,	772.599915,	2441.556152,	2486.273438,	2176.718506,	2501.119629,	2333.271973,	1454.243530,	0.000000,	2454.402832,	2538.644775,	1974.664673,	2552.026611,	438.490509,	2165.732422,	1961.062256,	1957.396240,	462.336395,	1452.973999,	2363.041504,	2179.975830,	1433.737427,	521.355957,	1439.605469,	2459.667725,	1702.547119,	2358.954834,	1989.404541,	1870.381348,	743.271240,	1449.084229,	1629.939697,	2485.530518,	2360.872314,	955.854004,	2318.726807,	]
[ 2101.436035,	2546.966553,	497.075653,	301.573975,	2396.403809,	2441.061035,	170.380157,	154.503647,	723.047852,	89.377457,	582.049011,	1000.193420,	2454.402832,	0.000000,	129.730286,	745.549255,	204.115662,	2481.737061,	721.298523,	632.209229,	501.684784,	2524.884766,	1001.437866,	168.198914,	724.463684,	1020.791016,	2546.966553,	1014.798157,	17.861179,	1495.820557,	414.172241,	675.691833,	766.531677,	2508.085938,	1005.326538,	824.512329,	141.391769,	412.203766,	1610.069946,	140.510040,	]
[ 2221.579346,	2650.363037,	604.269958,	420.930237,	2472.818115,	2552.860596,	122.064346,	75.372643,	851.160095,	43.575146,	704.280151,	1086.636963,	2538.644775,	129.730286,	0.000000,	874.498840,	82.662682,	2582.794434,	849.708191,	757.685852,	602.520996,	2626.466797,	1088.169678,	297.632721,	852.475891,	1106.605591,	2650.363037,	1101.870239,	113.439598,	1624.930664,	536.632385,	803.975281,	892.122620,	2618.710693,	1092.062500,	911.640564,	66.952774,	534.522888,	1715.362671,	257.176239,	]
[ 1398.265747,	1941.698975,	412.176788,	475.354218,	1969.363647,	1785.002197,	860.116150,	875.303711,	212.378799,	831.990112,	360.980255,	691.967285,	1974.664673,	745.549255,	874.498840,	0.000000,	940.370239,	1893.093628,	200.450653,	158.624557,	453.834839,	1931.701782,	690.444153,	582.034485,	216.180069,	710.082397,	1941.698975,	696.194580,	761.168762,	750.481873,	431.188995,	76.514801,	117.945503,	1858.154419,	692.863159,	592.031433,	865.152100,	433.638153,	1032.114990,	626.318115,	]
[ 2270.442139,	2680.442871,	645.248352,	476.014709,	2480.084717,	2591.572998,	110.636543,	70.898819,	926.959106,	115.117897,	784.349426,	1105.862427,	2552.026611,	204.115662,	82.662682,	940.370239,	0.000000,	2610.725342,	925.054443,	816.900635,	638.212158,	2654.843994,	1107.614014,	371.509491,	928.414734,	1125.210815,	2680.442871,	1121.500854,	186.540512,	1690.514160,	616.482117,	868.217712,	951.001709,	2656.105957,	1111.486084,	932.696411,	77.590202,	614.427734,	1748.596313,	315.256714,	]
[ 739.531799,	96.468300,	1984.833862,	2187.709473,	617.946411,	343.842346,	2501.017334,	2541.240967,	2075.844971,	2541.844971,	2252.261230,	1511.679810,	438.490509,	2481.737061,	2582.794434,	1893.093628,	2610.725342,	0.000000,	2066.125244,	1916.464111,	1981.382812,	46.067993,	1509.538818,	2364.934814,	2078.543213,	1493.928833,	96.468300,	1495.506226,	2490.119385,	1462.120483,	2310.210449,	1924.694214,	1804.796021,	305.791901,	1505.763916,	1680.303711,	2538.053711,	2312.423096,	876.116333,	2341.557861,	]
[ 1530.286133,	2110.094727,	527.392578,	510.433533,	2165.329834,	1937.734131,	863.891418,	867.883240,	12.014615,	810.675903,	199.545227,	886.221741,	2165.732422,	721.298523,	849.708191,	200.450653,	925.054443,	2066.125244,	0.000000,	304.313751,	572.302124,	2103.333496,	884.891724,	553.560974,	15.954262,	904.998657,	2110.094727,	891.404907,	738.666565,	817.922302,	331.521118,	224.592712,	317.535217,	2012.682983,	887.495667,	773.171326,	856.004761,	334.038513,	1216.791382,	629.101746,	]
[ 1475.097290,	1971.913696,	253.593918,	341.710632,	1940.102539,	1836.835815,	728.508850,	748.991455,	315.557465,	714.271118,	394.031830,	598.438477,	1961.062256,	632.209229,	757.685852,	158.624557,	816.900635,	1916.464111,	304.313751,	0.000000,	295.265045,	1957.061646,	597.547119,	479.346649,	319.516327,	618.442688,	1971.913696,	605.744934,	646.251953,	880.717529,	398.594727,	88.426773,	134.437119,	1907.358643,	600.527710,	471.689667,	739.958435,	400.604218,	1042.585449,	502.117035,	]
[ 1640.665894,	2048.091064,	44.964214,	227.196747,	1907.270874,	1953.374512,	532.577881,	567.412598,	581.798279,	560.934753,	585.026794,	506.857635,	1957.396240,	501.684784,	602.520996,	453.834839,	638.212158,	1981.382812,	572.302124,	295.265045,	0.000000,	2024.815430,	507.694092,	410.139130,	585.407837,	528.028870,	2048.091064,	520.433899,	509.224213,	1138.113892,	499.762238,	381.968231,	397.371582,	2018.127319,	511.524414,	333.805450,	562.478027,	500.448761,	1112.865723,	362.888519,	]
[ 754.293457,	59.527020,	2027.895996,	2230.357910,	645.353760,	338.531097,	2545.215576,	2585.282471,	2112.955811,	2585.426270,	2290.376465,	1556.571533,	462.336395,	2524.884766,	2626.466797,	1931.701782,	2654.843994,	46.067993,	2103.333496,	1957.061646,	2024.815430,	0.000000,	1554.412476,	2407.173828,	2115.613525,	1538.902588,	59.527020,	1540.379639,	2533.374512,	1488.792969,	2350.097412,	1964.217407,	1844.467407,	291.220490,	1550.644287,	1724.844116,	2582.021240,	2352.322998,	917.930542,	2384.640625,	]
[ 1296.030884,	1583.811401,	526.725952,	733.716370,	1399.577393,	1529.728638,	997.089844,	1039.702637,	896.855164,	1049.637573,	990.115295,	3.376607,	1452.973999,	1001.437866,	1088.169678,	690.444153,	1107.614014,	1509.538818,	884.891724,	597.547119,	507.694092,	1554.412476,	0.000000,	917.386108,	900.832214,	21.328278,	1583.811401,	14.032827,	1006.735962,	1045.425415,	961.575256,	662.727783,	573.618591,	1586.574097,	3.895285,	177.001007,	1037.854614,	962.970703,	677.500732,	866.380249,	]
[ 1954.239624,	2426.395264,	392.238068,	183.841660,	2316.710205,	2307.372070,	317.742310,	315.676025,	555.574402,	257.460815,	423.394958,	916.637512,	2363.041504,	168.198914,	297.632721,	582.034485,	371.509491,	2364.934814,	553.560974,	479.346649,	410.139130,	2407.173828,	917.386108,	0.000000,	557.085205,	937.876038,	2426.395264,	929.940125,	185.321335,	1331.071045,	257.865723,	514.554749,	612.204956,	2376.178711,	921.194702,	743.915344,	303.406281,	256.245361,	1489.411133,	111.044800,	]
[ 1539.248535,	2122.070312,	540.467896,	518.917725,	2180.167725,	1948.327271,	868.858887,	871.982849,	4.002488,	813.818604,	192.321732,	902.159790,	2179.975830,	724.463684,	852.475891,	216.180069,	928.414734,	2078.543213,	15.954262,	319.516327,	585.407837,	2115.613525,	900.832214,	557.085205,	0.000000,	920.943970,	2122.070312,	907.353149,	741.917236,	822.550171,	330.323608,	240.333542,	333.383484,	2023.417358,	903.438232,	788.784302,	859.997070,	332.816986,	1230.489136,	634.708252,	]
[ 1289.810303,	1568.807129,	547.496887,	754.266907,	1379.308838,	1517.894531,	1014.636475,	1057.530151,	916.970520,	1068.276978,	1011.173706,	21.395876,	1433.737427,	1020.791016,	1106.605591,	710.082397,	1125.210815,	1493.928833,	904.998657,	618.442688,	528.028870,	1538.902588,	21.328278,	937.876038,	920.943970,	0.000000,	1568.807129,	14.637496,	1025.933594,	1053.107056,	982.902344,	683.128052,	593.049255,	1574.111206,	17.998684,	196.300583,	1055.830078,	984.297241,	666.588074,	886.094727,	]
[ 728.150269,	0.000000,	2049.903076,	2250.923584,	704.782959,	294.518921,	2571.170898,	2610.596436,	2119.501465,	2609.004150,	2299.028809,	1586.057007,	521.355957,	2546.966553,	2650.363037,	1941.698975,	2680.442871,	96.468300,	2110.094727,	1971.913696,	2048.091064,	59.527020,	1583.811401,	2426.395264,	2122.070312,	1568.807129,	0.000000,	1569.787109,	2555.820068,	1477.160645,	2362.916260,	1976.359009,	1857.055786,	239.932465,	1580.078735,	1752.597778,	2607.046875,	2365.174072,	937.396118,	2406.555664,	]
[ 1283.844482,	1569.787109,	538.966431,	746.214539,	1386.873901,	1516.055908,	1010.986389,	1053.548584,	903.382690,	1063.277710,	998.766602,	16.394600,	1439.605469,	1014.798157,	1101.870239,	696.194580,	1121.500854,	1495.506226,	891.404907,	605.744934,	520.433899,	1540.379639,	14.032827,	929.940125,	907.353149,	14.637496,	1569.787109,	0.000000,	1020.167480,	1040.144897,	971.979126,	669.798767,	579.061951,	1572.797363,	10.310143,	190.503540,	1051.670288,	973.395569,	663.983765,	879.551697,	]
[ 2114.035645,	2555.820068,	506.028137,	313.347565,	2400.315430,	2451.677246,	154.099609,	136.775894,	740.481628,	72.155472,	599.907837,	1005.437744,	2459.667725,	17.861179,	113.439598,	761.168762,	186.540512,	2490.119385,	738.666565,	646.251953,	509.224213,	2533.374512,	1006.735962,	185.321335,	741.917236,	1025.933594,	2555.820068,	1020.167480,	0.000000,	1511.559937,	432.032745,	690.923279,	780.645081,	2518.447998,	1010.627930,	829.744324,	123.629662,	430.064728,	1619.196289,	150.654968,	]
[ 788.480286,	1477.160645,	1107.288940,	1220.381104,	1771.116211,	1242.514893,	1607.405273,	1624.745483,	821.962524,	1582.468262,	1013.555786,	1048.651611,	1702.547119,	1495.820557,	1624.930664,	750.481873,	1690.514160,	1462.120483,	817.922302,	880.717529,	1138.113892,	1488.792969,	1045.425415,	1331.071045,	822.550171,	1053.107056,	1477.160645,	1040.144897,	1511.559937,	0.000000,	1145.342529,	822.387573,	751.499512,	1320.856323,	1044.900024,	1078.187378,	1614.870117,	1147.896118,	821.921936,	1375.803101,	]
[ 1828.685669,	2362.916260,	462.511322,	316.424500,	2334.161377,	2214.537354,	574.417114,	567.812256,	329.937622,	501.581024,	167.917725,	961.744812,	2358.954834,	414.172241,	536.632385,	431.188995,	616.482117,	2310.210449,	331.521118,	398.594727,	499.762238,	2350.097412,	961.575256,	257.865723,	330.323608,	982.902344,	2362.916260,	971.979126,	432.032745,	1145.342529,	0.000000,	386.993134,	505.860687,	2287.080322,	965.021790,	806.180847,	554.956665,	2.555755,	1438.912231,	359.529083,	]
[ 1451.879272,	1976.359009,	339.326691,	400.192596,	1976.606201,	1828.799194,	786.007446,	802.383606,	236.331100,	761.148315,	346.131622,	663.924255,	1989.404541,	675.691833,	803.975281,	76.514801,	868.217712,	1924.694214,	224.592712,	88.426773,	381.968231,	1964.217407,	662.727783,	514.554749,	240.333542,	683.128052,	1976.359009,	669.798767,	690.923279,	822.387573,	386.993134,	0.000000,	120.368820,	1900.908691,	665.455994,	548.829163,	792.482605,	389.302612,	1056.506958,	553.418213,	]
[ 1343.793823,	1857.055786,	361.482880,	475.339661,	1860.015625,	1713.031250,	861.436157,	882.829590,	329.523743,	848.705078,	463.286041,	575.220459,	1870.381348,	766.531677,	892.122620,	117.945503,	951.001709,	1804.796021,	317.535217,	134.437119,	397.371582,	1844.467407,	573.618591,	612.204956,	333.383484,	593.049255,	1857.055786,	579.061951,	780.645081,	751.499512,	505.860687,	120.368820,	0.000000,	1784.567627,	575.959351,	483.288269,	873.942444,	508.120758,	936.138367,	636.425903,	]
[ 539.918518,	239.932465,	2014.444580,	2207.625244,	919.054260,	78.350052,	2549.064209,	2585.405273,	2021.203125,	2576.208252,	2207.420898,	1589.183105,	743.271240,	2508.085938,	2618.710693,	1858.154419,	2656.105957,	305.791901,	2012.682983,	1907.358643,	2018.127319,	291.220490,	1586.574097,	2376.178711,	2023.417358,	1574.111206,	239.932465,	1572.797363,	2518.447998,	1320.856323,	2287.080322,	1900.908691,	1784.567627,	0.000000,	1583.059448,	1745.613892,	2580.604248,	2289.449951,	912.640442,	2367.875977,	]
[ 1293.239746,	1580.078735,	530.488647,	737.516968,	1395.746582,	1526.276123,	1000.959778,	1043.582153,	899.462646,	1053.532349,	993.202087,	6.140895,	1449.084229,	1005.326538,	1092.062500,	692.863159,	1111.486084,	1505.763916,	887.495667,	600.527710,	511.524414,	1550.644287,	3.895285,	921.194702,	903.438232,	17.998684,	1580.078735,	10.310143,	1010.627930,	1044.900024,	965.021790,	665.455994,	575.959351,	1583.059448,	0.000000,	180.894394,	1041.738281,	966.421326,	674.130859,	870.256104,	]
[ 1424.512451,	1752.597778,	356.723297,	560.884094,	1574.794922,	1686.116577,	822.364380,	864.277405,	784.787109,	872.877808,	852.821411,	175.696335,	1629.939697,	824.512329,	911.640564,	592.031433,	932.696411,	1680.303711,	773.171326,	471.689667,	333.805450,	1724.844116,	177.001007,	743.915344,	788.784302,	196.300583,	1752.597778,	190.503540,	829.744324,	1078.187378,	806.180847,	548.829163,	483.288269,	1745.613892,	180.894394,	0.000000,	862.115356,	807.362854,	833.075745,	689.899841,	]
[ 2193.022705,	2607.046875,	568.472595,	398.758240,	2416.773438,	2515.755615,	55.117809,	13.337559,	858.389160,	64.366226,	722.689270,	1036.196899,	2485.530518,	141.391769,	66.952774,	865.152100,	77.590202,	2538.053711,	856.004761,	739.958435,	562.478027,	2582.021240,	1037.854614,	303.406281,	859.997070,	1055.830078,	2607.046875,	1051.670288,	123.629662,	1614.870117,	554.956665,	792.482605,	873.942444,	2580.604248,	1041.738281,	862.115356,	0.000000,	553.032715,	1674.085449,	239.079880,	]
[ 1831.169556,	2365.174072,	463.326538,	316.255737,	2335.929688,	2216.920166,	572.655457,	565.899048,	332.437561,	499.546692,	169.938553,	963.132690,	2360.872314,	412.203766,	534.522888,	433.638153,	614.427734,	2312.423096,	334.038513,	400.604218,	500.448761,	2352.322998,	962.970703,	256.245361,	332.816986,	984.297241,	2365.174072,	973.395569,	430.064728,	1147.896118,	2.555755,	389.302612,	508.120758,	2289.449951,	966.421326,	807.362854,	553.032715,	0.000000,	1441.055176,	358.213928,	]
[ 659.471558,	937.396118,	1113.168335,	1313.528442,	983.160339,	853.334229,	1640.395752,	1678.237061,	1227.401855,	1673.588623,	1393.081909,	680.271729,	955.854004,	1610.069946,	1715.362671,	1032.114990,	1748.596313,	876.116333,	1216.791382,	1042.585449,	1112.865723,	917.930542,	677.500732,	1489.411133,	1230.489136,	666.588074,	937.396118,	663.983765,	1619.196289,	821.921936,	1438.912231,	1056.506958,	936.138367,	912.640442,	674.130859,	833.075745,	1674.085449,	1441.055176,	0.000000,	1469.593262,	]
[ 1964.782104,	2406.555664,	356.746704,	163.800720,	2264.119141,	2301.039307,	236.553009,	249.010559,	632.713318,	213.602676,	519.894592,	865.269653,	2318.726807,	140.510040,	257.176239,	626.318115,	315.256714,	2341.557861,	629.101746,	502.117035,	362.888519,	2384.640625,	866.380249,	111.044800,	634.708252,	886.094727,	2406.555664,	879.551697,	150.654968,	1375.803101,	359.529083,	553.418213,	636.425903,	2367.875977,	870.256104,	689.899841,	239.079880,	358.213928,	1469.593262,	0.000000,	]
];
